3 0.153516 0.636111 0.042969 0.172222
0 0.144531 0.570833 0.026562 0.041667
2 0.152344 0.611806 0.031250 0.079167
3 0.230469 0.596528 0.031250 0.131944
2 0.230078 0.590972 0.032031 0.070833
0 0.229297 0.550000 0.016406 0.030556
3 0.270703 0.594444 0.036719 0.136111
1 0.262500 0.543056 0.021875 0.038889
2 0.268750 0.581944 0.035937 0.061111
3 0.348438 0.546528 0.034375 0.118056
0 0.346875 0.513194 0.017188 0.031944
4 0.348047 0.541667 0.025781 0.052778
3 0.453125 0.509028 0.025000 0.093056
0 0.448437 0.473611 0.012500 0.027778
