3 0.034766 0.510417 0.067969 0.231944
1 0.030469 0.430556 0.039062 0.080556
2 0.025391 0.525694 0.044531 0.134722
3 0.103516 0.465972 0.074219 0.401389
0 0.100391 0.297222 0.038281 0.083333
2 0.095703 0.407639 0.064844 0.159722
3 0.218359 0.828472 0.082031 0.323611
0 0.220312 0.713889 0.050000 0.091667
4 0.218750 0.843750 0.078125 0.209722
3 0.291797 0.789583 0.078906 0.381944
0 0.284375 0.646528 0.053125 0.104167
4 0.287500 0.783333 0.079687 0.194444
3 0.425781 0.861806 0.145313 0.276389
0 0.382422 0.763194 0.069531 0.093056
4 0.435937 0.889583 0.098437 0.190278
