3 0.659766 0.395833 0.055469 0.305556
0 0.665234 0.279167 0.030469 0.072222
4 0.660547 0.372222 0.046094 0.144444
3 0.722656 0.656944 0.059375 0.372222
0 0.728516 0.507639 0.042969 0.084722
4 0.726953 0.614583 0.052344 0.159722
3 0.731250 0.330556 0.056250 0.263889
0 0.730469 0.225694 0.031250 0.040278
2 0.726562 0.308333 0.042188 0.122222
3 0.832422 0.325694 0.049219 0.223611
0 0.833203 0.241667 0.022656 0.044444
4 0.834766 0.301389 0.035156 0.100000
3 0.885547 0.401389 0.041406 0.269444
0 0.898047 0.300694 0.022656 0.043056
4 0.889844 0.379167 0.040625 0.147222
