3 0.208594 0.413194 0.060937 0.284722
1 0.214062 0.281250 0.029687 0.056944
4 0.215234 0.347917 0.047656 0.104167
3 0.275391 0.347917 0.044531 0.179167
1 0.269922 0.279861 0.032031 0.051389
2 0.275000 0.347917 0.043750 0.104167
3 0.322656 0.431250 0.059375 0.351389
1 0.315234 0.284028 0.032031 0.059722
4 0.324219 0.388194 0.043750 0.148611
3 0.256641 0.549306 0.055469 0.334722
3 0.249609 0.404167 0.033594 0.052778
4 0.256250 0.501389 0.060937 0.155556
3 0.471484 0.356944 0.052344 0.152778
0 0.492188 0.308333 0.018750 0.030556
4 0.468750 0.351389 0.045312 0.097222
3 0.549609 0.363889 0.046094 0.136111
1 0.564844 0.334028 0.020313 0.040278
2 0.544141 0.329861 0.038281 0.068056
3 0.564844 0.279167 0.035937 0.083333
4 0.563281 0.268056 0.023438 0.044444
