3 0.800781 0.608594 0.129688 0.310937
1 0.789062 0.484375 0.062500 0.062500
2 0.797656 0.573438 0.114062 0.146875
3 0.700000 0.611719 0.106250 0.304688
1 0.696875 0.491406 0.056250 0.064062
2 0.700781 0.577344 0.098437 0.142187
3 0.621094 0.609375 0.092188 0.312500
1 0.611719 0.480469 0.054688 0.060937
2 0.614844 0.561719 0.092188 0.139063
3 0.539844 0.611719 0.079687 0.301563
1 0.537500 0.496875 0.059375 0.068750
2 0.539844 0.581250 0.082812 0.140625
3 0.463281 0.613281 0.076563 0.307812
1 0.466406 0.486719 0.048438 0.051562
2 0.467187 0.582031 0.090625 0.164062
3 0.396094 0.625000 0.082812 0.321875
1 0.395313 0.490625 0.062500 0.065625
2 0.394531 0.583594 0.085938 0.148438
3 0.321094 0.623437 0.092188 0.331250
1 0.323437 0.494531 0.053125 0.048438
2 0.316406 0.603125 0.092188 0.171875
3 0.230469 0.632031 0.110937 0.348438
1 0.232813 0.482031 0.056250 0.076563
2 0.229687 0.582031 0.106250 0.160938
3 0.128906 0.632812 0.107813 0.384375
1 0.140625 0.471094 0.065625 0.067187
2 0.134375 0.577344 0.103125 0.170313
