3 0.157031 0.663281 0.167187 0.489063
3 0.314844 0.641406 0.145313 0.451562
3 0.480469 0.643750 0.148438 0.465625
3 0.678125 0.625781 0.146875 0.510938
3 0.870313 0.614062 0.165625 0.540625
0 0.179688 0.452344 0.096875 0.082812
0 0.325781 0.460156 0.085938 0.082812
0 0.495312 0.446094 0.084375 0.092188
0 0.657813 0.434375 0.084375 0.093750
0 0.856250 0.397656 0.096875 0.098437
2 0.163281 0.572656 0.157812 0.148438
2 0.321094 0.575781 0.145313 0.167187
2 0.486719 0.563281 0.135937 0.182812
2 0.678906 0.557813 0.142187 0.184375
2 0.875781 0.541406 0.167187 0.201563
