3 0.836719 0.633594 0.195312 0.689063
2 0.842187 0.523438 0.184375 0.228125
0 0.813281 0.356250 0.129688 0.134375
3 0.588281 0.641406 0.182812 0.554688
0 0.554688 0.421875 0.106250 0.115625
2 0.588281 0.571094 0.189062 0.201563
3 0.435156 0.610938 0.151562 0.496875
0 0.426563 0.401562 0.078125 0.090625
2 0.433594 0.523438 0.154688 0.162500
3 0.271094 0.592187 0.135937 0.512500
0 0.256250 0.383594 0.090625 0.104688
2 0.265625 0.528906 0.131250 0.176563
3 0.163281 0.639062 0.195312 0.650000
0 0.157812 0.382812 0.121875 0.153125
2 0.163281 0.589844 0.195312 0.310937
