3 0.785156 0.707031 0.154688 0.532813
1 0.782031 0.495312 0.098437 0.100000
2 0.798438 0.635938 0.150000 0.250000
3 0.638281 0.582812 0.101562 0.262500
1 0.639844 0.475781 0.051562 0.060937
2 0.639062 0.542969 0.106250 0.114062
3 0.448437 0.647656 0.200000 0.476562
0 0.426563 0.452344 0.087500 0.092188
2 0.431250 0.575781 0.171875 0.201563
3 0.319531 0.591406 0.092188 0.329688
0 0.328125 0.460156 0.068750 0.070312
2 0.317969 0.552344 0.092188 0.135937
3 0.216406 0.624219 0.170313 0.417187
0 0.235156 0.459375 0.070312 0.090625
2 0.221094 0.583594 0.157812 0.195312
